981847
749051
776009
119611
845051
216829
323347
104989
983879
815411
317323
719791
249919
498931
564353
558689
994457
338113
359951
847697
140141
243211
804739
700933
107333
504797
719617
126491
185831
144929
255481
832621
902101
125611
192721
532807
377893
145111
111463
709297
113137
898477
433511
574843
139387
899149
264967
173431
601651
815503
394133
745231
169517
213973
743717
530281
490603
320531
190363
493583
804161
842539
105377
348419
322043
460031
301591
896069
252881
119641
980771
218179
781603
287123
934477
522773
398611
993163
314977
912011
414931
641603
960247
631609
336221
890329
570613
280513
476201
225247
148277
765293
201067
599951
904907
720197
440971
549583
833149
264367
927281
182789
400373
795709
688003
685357
904739
966589
158009
623059
376433
797899
871373
121259
924583
905543
281257
948077
446921
409499
325513
832733
554017
819031
769501
275579
438769
371543
421969
421721
676471
364891
185551
356353
301949
190933
332783
378947
315467
421501
469051
385171
589963
772949
768263
180847
233011
872653
433901
672751
830729
483869
786133
736343
165463
793409
433561
814241
294587
270551
750329
877483
252419
952943
288997
424517
553571
860117
932371
392911
865673
583193
438527
671249
724993
197947
244567
613013
819209
834881
341983
654709
608287
350941
577561
840097
960469
110939
381601
803531
760237
888547
821851
719267
524999
259043
114803
227111
830609
892337
890849
535069
430721
803123
540079
718993
983173
176237
354689
932287
702769
859837
746153
876307
861527
855509
197663
259037
542201
199853
904919
103897
107011
502613
145169
238451
329137
462451
402641
462383
563051
423481
823303
486229
262303
318929
374293
408593
505691
553997
471613
176749
899189
517133
230003
374321
509567
898831
747497
945349
926557
550091
975841
257843
304561
278879
723817
469667
488141
467821
429707
588767
856661
334919
471041
817919
411931
342403
934849
338063
846829
192149
889207
760573
212819
961847
410051
439993
702397
346763
935761
146831
888367
359791
922991
124729
555197
452573
919813
935093
273661
406117
944513
861899
848371
513113
727981
606649
556793
874501
481301
429199
950683
370717
889267
261551
285121
527293
971707
169879
635813
286007
412243
948919
580691
424213
421429
305281
943031
981733
384997
389429
401491
343481
263003
658733
232513
999911
461999
184813
799913
840599
729289
161927
693871
605413
350401
678049
784387
714683
355291
368881
390917
893791
751217
609403
694553
633739
682553
692983
372241
327949
549869
358363
729133
608173
850643
999007
278587
768647
910573
136217
143867
206021
414433
474967
862493
373789
317519
251891
129233
598417
239563
810779
108307
833069
483019
865897
957181
583307
184883
321413
521909
877741
393803
328651
530161
678233
392263
744437
417007
566603
924013
629651
983873
800503
106273
971819
133447
650257
237913
206743
838241
919757
383081
524953
247297
260147
333661
430489
661789
192547
144299
382061
866507
115067
797803
242159
414139
764551
698471
112421
125143
323209
545641
624377
799097
253811
849073
486977
874873
866639
756977
354323
528961
818411
669791
203239
932353
204367
859423
626723
692407
125123
706267
561493
483169
115243
404527
247801
323711
427939
491749
601253
132919
626107
855347
304441
650453
222413
904433
280733
379597
396923
711281
901069
621097
323221
646133
712489
487573
866087
492253
186251
209677
602813
124189
719777
853121
923341
832151
882797
303979
261743
690041
467003
860899
895973
520123
258833
980087
482159
980383
135833
192293
120517
597559
808897
149353
364543
794747
249869
674627
264307
283439
435763
427783
727609
155339
847613
482219
715951
900427
531283
216943
207607
322897
805669
186439
687187
774397
624901
869237
739381
749929
381977
303349
393049
858811
587599
329941
783511
790201
683143
277577
177679
671977
818707
350947
862307
117443
768307
349381
945691
142133
803149
295291
226973
165337
553103
859877
626587
720539
257717
893281
547987
570967
810841
408383
643543
932593
809957
506197
470237
687467
798323
173191
529511
153221
933143
808901
896297
917933
549139
444389
422861
919663
139043
437621
711181
252379
206183
596209
268801
909347
780317
376987
234197
451499
641069
981289
490061
716399
242411
427027
855217
438167
592549
668713
153863
170377
526793
479177
548161
121811
416261
819919
718577
766873
558671
531767
369197
333547
314807
168283
148613
601729
460153
938807
907111
262151
255781
473219
453763
269189
650171
196709
587267
365047
869977
148913
111529
634493
399767
998857
970889
953087
102719
953899
141191
307897
537583
474541
664087
116479
279259
520127
793787
917431
845921
293549
150377
575587
561301
841199
970043
748753
414751
395417
919781
623677
785741
901981
211273
636049
475513
372301
720341
178247
767269
700121
688453
291703
956843
895057
867431
276431
746083
492077
157919
877511
274079
587663
912427
246131
706339
259487
828211
307747
180419
666277
197881
378233
886637
836261
104653
288121
685141
767197
885551
129289
232063
735337
560369
901081
603619
139211
271553
423239
158147
900593
916681
750191
905659
904033
376451
681449
281191
299933
460991
700907
808169
654179
258773
102397
346511
368117
989041
910951
448909
817723
888619
667867
250153
361757
437951
704953
721927
437819
128297
666157
610753
828361
563309
271573
770827
190151
797837
292939
526433
255989
324371
297979
236473
364279
733877
432043
746509
953843
480791
955963
739477
160943
945089
266887
169819
879341
338831
690757
191357
586741
815827
914447
864371
316651
705457
576493
504841
563663
421759
608081
417679
447019
278249
209869
824101
984509
482641
306791
405371
233647
598763
436243
821203
213007
465733
267359
380173
551113
275579
303091
575501
354107
943837
522001
756383
768979
266939
332191
894703
631079
919483
516889
924809
945757
912899
962789
535681
248989
451079
865447
120689
776131
353167
922459
824269
269729
709213
762061
883763
801373
691847
512501
786491
600479
808897
808741
704999
392801
898357
937969
187393
772337
711307
181073
127807
968563
658909
757021
484871
159479
376711
245173
570929
326947
778543
335533
703531
394999
901547
662951
418603
563821
686507
490829
388879
962219
957457
204761
351559
402121
865063
492497
363563
707519
214981
744077
616051
933283
854467
387511
524669
859301
899209
539867
198497
765221
488479
700339
362009
316013
260783
376613
624103
806591
587389
867911
671471
316781
724697
761651
918167
656617
236701
660463
959593
285781
761629
986849
356737
934823
289987
918599
414067
298733
575339
602807
495277
933427
496603
142463
512753
803797
799097
590603
797737
530533
504349
274753
678157
352717
929443
361561
492209
783833
477923
368629
297629
107981
873973
119207
281587
743933
733129
829343
762529
101413
274639
728309
669107
224449
461171
295177
209117
953587
430097
698729
506143
674839
387841
358597
574123
717649
581351
760469
448837
540299
491359
450253
309797
745093
726281
992053
300161
848623
643127
577433
618677
668209
664043
175421
948373
528901
177463
411941
814189
726211
162413
740597
344543
893759
773411
970349
991079
443101
815473
699337
357599
631639
356077
356297
759403
419827
294797
980369
347971
662293
817297
713399
369233
409723
585569
501001
562453
935873
109097
497789
500471
945289
651227
436417
790273
407531
286753
493511
845093
440893
415127
385037
132317
968701
539449
891427
332153
340867
749863
105109
865841
287317
872363
977771
928321
600443
887213
708251
767897
732059
230431
503009
923129
558407
666539
767059
337553
356903
226901
636989
401581
162821
801473
404051
176039
262513
529429
507167
641149
602537
317189
327533
935723
514657
109933
525829
940997
242341
943891
204653
354763
487639
864547
660791
421817
421789
592307
146521
589823
187351
431633
850837
241921
806221
280891
940409
596599
663619
137843
505549
279557
376709
382267
525101
611873
325147
903157
358283
897329
402329
156043
178277
836183
634429
345017
563047
134903
349897
934163
101263
637069
691829
607517
554123
177169
264479
672509
676901
357773
965719
958031
131629
568321
177617
467963
462767
274283
734263
360691
269693
615619
767771
324179
343019
113737
196981
553703
541859
928469
253879
588829
631753
316177
875101
266471
424541
631111
709871
100981
759931
312479
369763
161677
979991
735481
895759
136537
837577
668377
330061
224747
634079
522131
805369
413521
724679
857789
897013
173941
275239
778711
314357
899573
846301
830341
568439
231349
567047
976697
418907
806201
131603
755969
511369
756457
284609
767929
588347
306847
398219
290881
233791
461257
238423
882947
223079
694679
998567
856763
526979
578041
432043
756893
967577
467899
509021
543689
827863
362027
670801
688609
629491
604451
802481
454459
199537
593609
809089
927791
611003
416279
888703
731273
797689
709547
269929
747589
554923
240067
747181
813319
310777
690391
256393
551779
389597
742199
605657
566141
711511
756013
474581
163481
344213
586519
157607
477341
173189
959927
391841
932767
738011
314857
108851
835759
705079
804383
332411
470657
545689
155783
957161
990481
350227
248053
120539
261461
418753
875993
497369
239249
119069
810137
264319
604007
695269
738971
610859
932923
719371
334007
487261
670261
720527
392321
655961
819571
804611
279607
694937
417577
752903
309979
531929
873911
976453
537917
591131
519803
374323
468067
161939
961171
730369
688963
487937
436669
160843
366847
174857
465139
467179
914903
966269
709661
328409
659917
330881
937721
245647
975647
944537
139273
911999
499363
668503
434213
410701
389777
187753
238613
555953
304333
944863
829991
195101
963959
375197
599717
604889
649279
236153
166601
301013
454477
921079
422519
557399
890339
190391
363193
394393
919607
252251
166739
477917
351703
512473
450731
179027
887519
949367
618497
144701
296629
142003
306991
696233
557723
361183
708979
792287
485407
968161
163673
564191
190231
508121
237637
960529
329669
212897
245017
144349
504211
707383
136709
995507
727967
718583
902731
212719
465971
106843
682121
784997
277309
610061
707011
110749
393719
893731
939763
581023
410357
290527
878669
978191
355319
416309
161711
273887
127189
416981
559523
914237
383771
422087
935639
352813
775549
992489
610963
129359
450769
908051
815387
236881
265093
227231
285781
520721
620843
975677
823313
630761
925097
724933
480943
288727
738271
728797
962993
815827
741709
978127
905851
277349
364037
799343
568093
122707
313273
529841
536069
608353
901777
724433
683167
975479
127817
295693
257387
219593
836377
530741
181567
798857
295721
510841
437209
942247
923957
891113
552481
728417
423613
446431
917303
943759
728401
883451
110387
293929
386497
398623
199397
543937
450119
659341
759943
651467
965449
964813
548041
657431
690461
470189
103933
341969
481393
835783
441061
813251
318151
803603
354637
125879
665381
326423
802931
343607
154319
928409
226837
410219
240067
349103
421531
529411
359411
690373
515009
100237
952813
513283
878929
110513
680401
877363
192433
452789
358091
686347
780349
112747
769297
316223
785951
272539
273641
603643
299059
906637
581023
832633
458447
494531
112349
592043
499579
322237
521219
855989
469769
410449
748249
766693
140983
904159
351959
121391
636197
137527
251423
421201
125819
556433
475081
892483
910051
213631
114059
611099
294869
941449
391901
961049
538381
972803
523979
265207
700727
682847
578747
469499
134273
150211
435811
827929
410899
705913
635827
754721
417931
868807
690853
679229
117703
346253
404293
949079
790771
687671
433607
805249
684763
144857
853583
782023
359551
129611
473633
926833
890441
229081
985783
791689
945041
172513
245611
833491
749771
234643
191419
165491
797203
509671
930751
633203
130097
619441
325729
106543
176999
682061
736199
300053
345341
275039
770821
683713
671119
784547
864949
883831
740357
805327
661739
991703
457397
570497
295619
176903
279211
418681
718999
105943
986849
951187
668221
645791
298051
762679
733757
449947
205789
238109
922571
142523
300299
970427
569657
453643
897767
934207
961913
670511
350141
246389
320053
140083
516431
933469
129583
201797
126109
523157
961319
311323
173659
533821
392359
429229
942371
877649
975787
621799
624121
750503
505501
706037
829417
203059
414737
285167
112309
968299
915707
195287
168317
585857
911783
806377
561557
324559
727897
883511
805979
604781
855457
516769
613003
556403
424877
361267
880253
627299
556457
381197
499757
229307
863761
747571
772231
314849
248317
440579
592759
241613
690727
541357
746567
411721
805631
325411
411659
549583
353209
357899
797117
181667
391789
199109
157519
456467
546353
854401
125837
148933
578957
795937
916217
632209
516973
171923
764219
862411
896713
544111
248189
831403
518153
904031
645223
476989
587749
648331
847219
720019
449161
538399
438997
403979
342173
937361
273337
134257
737033
164663
385187
975851
809281
792671
580093
898951
719893
504667
313163
307469
171161
407399
197191
586157
955631
365513
700859
675091
391901
885463
577481
522877
437659
464741
207527
492089
493351
782317
420247
168809
506419
197111
620819
178721
391991
513403
172903
152561
557773
683233
526993
980261
493387
828329
692179
883417
181133
582919
224461
941401
300773
676177
878207
542261
992639
278671
990797
919027
358027
828941
300233
340061
368699
420989
889471
662437
976963
562459
940727
998953
627467
437989
408899
610453
513127
881227
516743
585253
310999
690047
331687
383903
892979
111449
823427
648917
316361
146501
763033
605459
238211
776089
383059
148699
968447
404003
321607
872573
307247
396299
658097
476803
439307
487163
351301
736349
300091
326131
315953
914321
992141
111413
588311
921841
846353
477551
922853
550129
826669
483383
119593
147997
258823
414887
979421
257371
979891
917753
233987
268237
154457
172423
508741
992959
387511
832547
701033
126017
202459
471173
303089
418267
786641
813079
678119
186587
973801
641071
996827
715459
407623
957557
896519
451307
365549
570811
620507
303979
748397
215219
565421
688697
317159
406213
512873
946139
926827
307421
202141
563317
554011
280807
655003
829891
430193
503887
417167
380231
484537
146533
464729
708289
203603
469907
195271
226307
188309
284251
654989
555713
794197
965821
909047
561091
474701
739967
364663
864431
256171
351233
754189
164501
169273
908239
279161
256429
316243
847373
789883
256199
651079
128383
518911
247729
471119
734743
405499
835127
402697
307427
124961
990119
318979
959053
728137
882809
361079
828883
531463
479117
902227
652657
149969
666077
184609
624973
122803
831601
106007
610661
803647
800911
658319
790381
323501
712681
304597
877097
910531
399743
941831
343237
315613
884057
709199
586393
671201
565787
281479
194549
614287
248653
468169
547537
139613
472139
243113
486943
746891
955739
951473
773413
204331
174719
251021
821741
562901
955267
145637
792973
753239
563219
874619
557939
559001
683749
651583
351977
514817
373109
851663
208549
203443
911273
746651
300101
468949
952187
465149
826661
123769
245363
348151
712417
291113
838837
692071
857621
276263
809383
903857
116467
741577
278233
459031
287173
360289
338861
988781
753713
619879
597347
464413
995317
100027
923819
880123
640541
969851
181651
635251
794873
579041
310763
678973
750373
647197
584279
280619
465043
727919
326069
843989
846679
194729
873637
197369
713651
943723
742537
767951
509893
304117
909463
930647
586949
680243
451601
413977
151433
657253
633341
536797
618559
955807
895649
487693
674557
384791
690281
935419
975917
544949
922849
880391
901967
562733
250651
814873
338291
409837
710287
246629
324979
125033
961957
557503
380243
566879
108089
711443
160969
255133
106879
918821
181999
560473
236483
297233
936127
739517
381529
590521
199699
928847
151597
364901
539227
332279
108509
228869
212273
510907
409123
918863
210563
686849
605221
383779
733039
982823
386789
403271
496553
962693
109087
965329
154739
310561
459911
731921
595711
667151
492007
865657
561797
239399
480563
112961
600109
899291
882347
436229
236623
515141
295531
556037
975661
829811
590759
544237
351451
592261
143513
228043
306757
696943
292651
175477
766901
992603
458557
469039
814711
819109
857597
606071
441701
529159
632417
528317
249419
723613
825133
136253
872359
920893
627259
923399
253669
261223
640901
892091
812929
972599
428089
325853
871229
794167
134021
191677
600839
843421
333761
415469
588151
747671
186779
320863
372277
565573
352573
370081
814901
158159
378773
694009
787811
523613
763099
628793
745793
424667
740711
584309
156217
604741
144397
686677
869837
631243
210409
224243
830993
675863
864071
392993
884357
952753
263639
272023
740309
521219
749629
312199
891871
994333
950843
149419
797789
148951
468479
365539
887987
904031
957259
790801
783577
559799
274663
557351
393103
606911
648059
332629
527323
408097
931109
668513
979807
999557
654371
616963
282509
866483
622331
772787
175459
738077
884501
599651
539809
336551
830351
678997
482737
699263
595153
223511
558353
677989
325021
636623
687509
228427
386479
491833
427667
473441
608381
751343
998321
891209
250993
776123
135827
347281
332957
255449
327181
889543
873179
598159
394271
459127
648751
180259
605957
328127
890677
247027
738823
831979
375203
820199
226687
695609
448577
209837
974657
153073
909281
219407
407117
516391
275927
494023
805127
612587
114847
560117
348197
459061
913807
619891
972889
165463
280919
799993
555631
334241
793021
793783
431633
162727
295081
707551
276317
330301
805807
713249
503857
450367
498041
462517
160213
673249
851047
226097
843509
763081
361351
237803
634477
369973
175277
743951
625739
495961
404357
499789
560071
319183
799583
248023
804563
462293
492097
943739
162599
647519
140083
328609
720851
932293
697951
928397
164167
699359
481079
692911
404107
427831
416651
145399
162097
558359
349589
896999
661979
924557
601327
496721
750439
771907
501407
818591
332179
506207
562717
605543
277867
264337
545203
257569
692497
565619
866737
385549
615667
396547
145289
353861
250507
557791
311897
733513
648997
754501
774919
792973
851911
576487
856693
170057
638531
489977
198467
762467
428513
574883
982259
931151
247997
600167
646969
610717
470563
152147
456581
828253
902747
791717
468781
293963
901531
452267
512593
408463
906377
297587
302297
789001
446833
252053
837611
886631
722591
208487
218339
921253
687943
907387
227659
149747
176077
516917
437393
730747
747133
581083
347791
671219
540833
946613
906173
729671
931961
510011
686953
458771
144301
669757
227813
875531
525179
288901
458629
955469
227531
390217
897457
903743
370861
277313
504379
838603
154271
122261
966461
728743
179003
158831
212441
154349
194387
239819
532003
509861
356557
857069
442921
144863
155291
354391
521561
494933
606097
875041
121147
780791
377257
416987
481451
835021
344893
471479
346907
822013
778913
931079
246307
965467
700117
899527
823553
532337
193853
683573
674881
548857
438967
304837
133559
788797
213757
149671
843011
914693
464411
408203
830719
744689
207863
849707
819247
868489
480251
693761
630803
340019
311501
135503
390503
863281
731117
712169
821179
320221
886321
145681
327191
262673
452101
662173
532627
574493
444967
522181
808523
276637
289817
768703
448687
874999
937861
546139
839359
281971
382559
886717
103751
619417
220999
348977
691669
765011
959473
998489
171659
452213
967319
959383
533929
106273
388669
544231
454019
324361
376927
108041
816433
359659
977159
917989
374917
384119
455389
450391
821263
694783
332629
917549
132689
677563
913151
593861
783757
616883
358081
962431
359977
792467
816199
543649
673207
290543
346159
568357
239087
135727
889319
900499
743273
345193
213841
545507
704311
602543
434537
240529
852589
906379
342817
193561
783757
572563
458467
711329
484993
580873
930163
813629
529937
176221
388201
856669
403897
496949
542951
887821
590371
322309
803903
385213
785221
219847
541267
516307
830479
857359
635759
768811
927539
195889
857827
679493
243637
545791
544697
721087
679907
681353
975731
654721
186293
672109
781531
696259
260641
160729
402679
814477
494699
446947
186373
695767
904289
349577
877397
815879
616351
215483
434011
569239
474073
954593
455923
731813
706037
452629
242167
237571
587221
238361
493999
209339
360457
775039
496537
900409
618791
484349
577471
957779
293351
236713
580819
353783
310243
259061
193651
282553
680831
545567
436349
607801
413641
843491
174313
419899
594233
255719
666167
650791
378697
963113
152749
395837
393109
518653
572183
715319
397403
729389
335983
551921
236177
326161
873983
448753
486107
190129
345431
957407
810059
425857
482749
424783
829781
520607
969589
134947
120871
795449
344699
426773
807041
260413
942509
823481
327379
846259
999991
835517
864589
516433
666517
363319
332779
625111
657143
797159
875527
460199
973913
928643
203957
868349
443717
941909
722989
863893
862007
193741
971903
310813
245291
100757
131363
648737
236911
203789
444923
353071
785237
755089
800357
130061
792403
862151
686731
947047
987839
391919
333289
304211
159293
939527
478817
918367
956891
488629
665513
258133
353281
766417
815803
132217
298259
427103
942937
917087
801137
980801
911767
212593
588263
334307
942223
240551
354881
664451
164419
418163
759617
517877
794789
334403
298187
679481
368863
377117
194071
946303
178777
930719
262669
692987
343673
750541
693269
641467
532841
170083
476747
530771
851323
684679
471871
753101
531323
976867
223393
679351
573413
484133
202457
273473
279113
251221
785857
924277
763249
654713
648931
275503
842939
614603
760139
797149
826859
660769
863171
594857
849377
661057
212591
645187
225719
252919
191957
163921
340663
789133
320459
753553
838441
337709
190081
243731
540041
741337
465677
412283
359203
624047
579911
266267
992077
115453
598249
589027
556417
832033
790091
289381
685837
499481
687457
566767
281143
711131
794147
971701
158327
892513
588571
202873
102103
938389
561101
509371
164197
955267
116303
513043
541363
847999
347399
419239
132469
700643
354049
325403
860161
937999
727903
752891
149389
714421
528629
315401
279203
398393
493289
192853
542701
971263
579913
275113
963427
171109
458279
814187
161443
932117
698221
997021
836917
601067
527099
520127
921337
337037
831847
596987
383507
397717
120619
604411
855559
180937
384913
955027
315419
839057
264797
821609
389047
289043
362483
628217
209329
697237
957613
661663
721319
413083
867533
959429
688519
646489
433537
789377
311953
494981
789101
196139
567017
837163
487519
825491
808793
973607
998479
186647
522631
607967
969323
910447
388909
851129
445789
844273
687151
303209
293063
486337
840841
412081
647659
673997
730967
626897
470539
844829
852329
878821
224983
188831
944183
926363
277433
229393
225973
695671
280589
503411
514259
961511
368647
519083
615337
330517
134611
499729
557429
173617
291101
174287
708359
383639
887989
933049
721657
244379
634337
265603
268379
128491
272801
701389
193673
351373
808487
236381
855727
922909
675149
894023
979369
427013
993611
602393
440557
393787
122513
889421
723481
302971
238781
999071
694877
291569
145249
954469
949807
183347
507959
300169
285241
743131
426521
378233
677219
179441
370907
750011
728929
917369
153739
144517
193187
786659
845203
899197
369001
262229
118823
457661
337331
121679
586063
427757
968297
622019
721127
751027
159121
589381
568237
307441
662321
770909
896459
372361
311333
203759
642557
696719
981079
865339
912227
436507
658781
639941
833419
264311
129511
197423
965351
651031
463159
229199
825169
126451
776467
980699
215141
807997
987121
535733
800089
670721
163013
573343
950293
101687
539533
195841
104581
394609
860413
681301
865763
449131
319243
510749
231709
230107
174793
888271
989329
298831
836959
714349
441739
475247
514699
687479
467281
353417
619897
572587
501653
183097
539053
294943
221351
328103
885743
614809
133291
974567
779017
833879
988901
538367
992309
110021
242807
224143
392839
536029
141839
487237
218257
382201
413039
415987
773077
949993
765839
930043
319633
463949
169541
216971
295259
965431
708947
501649
617969
751277
581663
760567
908569
241771
474139
498143
929951
141361
197467
319189
237179
916919
710869
721087
526931
742943
477173
865667
264601
808187
195889
958523
652579
897227
940673
685837
195589
241097
486671
999347
889691
547009
865159
427033
448271
852577
669601
161683
563179
513311
404717
225059
937423
507053
139663
169433
159679
495613
663247
202793
427393
323599
401623
283681
885421
951131
274747
770593
440921
564503
954829
664067
284869
436039
567097
775109
923789
769781
451001
917719
672899
596909
815923
884279
392081
961579
633097
283207
362819
985591
236909
458161
357061
557321
485879
703919
196249
385339
842689
733877
386489
107789
832183
653791
414431
712289
169381
703987
406069
676777
276541
395629
852469
164791
845423
324973
405569
124567
203239
730067
721771
124603
983477
912463
258283
122377
788309
467141
739861
258371
835327
420307
717559
171217
666943
618631
213571
651347
145951
283783
352847
666511
942451
248533
687193
175309
880133
110437
683317
880949
844673
561613
830399
655241
186967
638233
454021
900031
501953
557171
441757
548909
924817
334069
807043
273391
322517
868747
870227
191381
525533
449093
754793
538457
325349
354499
834527
563923
541781
743879
936821
935171
707617
154687
272947
748001
679307
607273
511589
305471
308113
656111
695197
918349
631651
880769
721369
555103
543877
979207
304397
860231
681293
489049
464039
209749
407027
728081
571121
384481
435587
567563
333091
429161
280019
925739
158357
211529
219293
474559
971813
673213
295303
144979
930359
213817
850093
277411
327379
217391
240161
888413
309373
815909
794911
794771
482563
129541
834889
740081
186623
747781
695393
784621
452663
544877
420349
823841
699539
663893
802729
545059
216709
896689
518599
340309
619753
551827
442109
494239
948191
131657
489959
521609
346193
401861
993667
619771
821999
998057
186157
298667
151021
682099
113723
758879
244019
365237
504601
695489
232927
798013
533237
554563
989491
448429
935437
735883
895481
218231
573463
196447
551609
837857
752939
253153
377791
398513
899081
235031
866069
469639
730393
453823
676087
803093
602467
794389
595781
758279
978359
917981
470669
112321
558779
759523
373801
359663
743299
640363
683357
364919
912587
107173
857993
513557
732553
211447
709033
336097
804443
640247
567437
196703
176503
767099
228911
948847
779011
555043
567563
160297
329293
814199
906043
777677
400501
946361
519569
360971
109553
448283
720563
449993
677821
191419
991843
380839
156293
572281
779953
383377
208991
890257
313849
692411
190733
104003
389341
849971
430637
545233
132911
775787
240871
603541
848677
435233
149993
281219
393769
881647
214451
662887
998321
656291
942583
865001
907121
742199
412409
175603
359411
548183
461957
640729
758069
565081
831923
197693
627023
636547
565759
811151
864713
415591
710693
340271
180559
843149
916621
519779
863647
102043
575123
679351
235817
287137
966851
198923
969251
335543
305173
815477
121459
237679
197563
217439
935353
869711
238123
995749
542557
272677
891647
956023
646909
575933
789743
678347
532963
105743
325369
879871
687227
226663
627433
901567
564461
380207
960997
923399
507809
396113
309707
305797
761191
356609
867373
524833
198277
790781
915407
959353
964571
172661
407303
520187
551909
983873
454201
912029
835823
489899
638543
585607
780277
724487
878039
930191
751871
485773
356483
940831
981587
401087
937469
360653
160487
714289
885503
544507
609649
249437
656351
993367
216851
221999
421801
269117
649619
958283
709721
721003
220363
819211
981401
477061
791023
274373
889109
299801
680647
866557
593063
448619
587359
965039
877973
476131
957767
223183
645761
611951
580103
348797
787541
416483
372571
603959
244087
116309
195961
831899
187597
524579
938257
553787
382261
704581
806069
687277
490729
753737
789751
881459
807791
284003
166531
843691
421871
440743
445169
340289
404651
762823
361957
858353
125753
276653
357923
537569
518353
149353
936337
287627
718933
178327
489529
523249
799003
954953
297299
160187
447473
890189
339797
482099
948701
737773
907589
294379
470747
297029
258329
271531
725371
839897
557227
867509
607933
693751
603853
552989
399247
196391
288817
413543
976163
522397
437873
947861
294317
537119
269659
760691
636253
327451
633511
957083
650527
474227
419213
473341
203081
856229
722369
772201
791831
613633
823259
947671
812699
301697
560299
271459
287653
323027
418751
582941
131191
678589
573823
481147
296461
651793
320743
291581
131263
955237
200573
562183
621911
500111
750739
843607
732649
577291
827453
388301
832651
475861
868153
879217
601031
596353
772337
938431
901547
791731
107221
397367
957611
443011
564667
566959
619669
217829
400381
314759
790729
779783
432473
846143
235301
265829
999227
328297
759217
103793
922199
889927
374881
669713
238297
880319
467767
694819
357691
538337
803027
696419
956051
352237
378251
273061
884873
525689
225557
133873
344353
378097
934223
420827
507103
626561
494801
275071
847501
247091
936871
918971
765697
960937
392783
691553
852527
398669
698671
726623
723781
882457
458473
720001
241589
684671
729943
559913
289477
189557
597109
479411
210331
552739
756211
809539
957181
376183
385367
686989
345299
262393
312559
345559
941833
279901
971881
422999
169637
357887
631567
212087
664997
805073
492509
819461
667469
622819
537781
422809
518879
296059
850937
727483
448187
158959
592367
160637
372677
358723
416261
968281
111553
465523
705991
398353
917039
842783
947753
938029
438097
880769
774643
762823
762653
371009
540781
173269
718171
775129
639937
881141
798493
772787
657569
422707
499159
914801
639881
872219
357157
725983
446237
645319
822053
740947
576839
496507
837527
653921
507089
619909
992597
887687
757249
913847
968773
441757
103109
555151
188663
789307
999377
590651
407681
701741
650101
321127
286889
398039
738641
394883
536387
816079
471311
429529
106837
550441
899263
698219
109493
899809
308227
460249
201067
482617
299137
843733
697129
691853
433871
122069
182827
877613
462181
577877
902611
576407
603499
244271
714629
847661
917017
835403
119321
274721
993521
185519
380441
711941
935161
404543
467759
782519
571811
183283
361099
972611
320339
504079
831361
526109
957989
593251
764819
979261
451583
190969
636451
268673
562561
261011
550951
894697
611557
901897
741997
100649
809831
540737
188381
183451
362549
550903
213743
832337
771139
540769
583859
713809
435769
324581
866639
522211
349039
698941
532459
221561
103273
941051
553891
672761
581257
296083
521627
569627
133603
855683
681539
426739
287669
577043
725863
120961
587471
626029
427927
737197
264473
781157
313429
322729
314063
296447
214631
282011
321563
668449
580301
549259
423221
166247
786829
263323
233557
834401
463207
802423
639797
690839
105479
875821
488099
132859
718463
702013
887161
600433
198221
134147
359659
591137
307561
260863
447953
830233
387931
460507
436991
438283
594169
190277
229423
977071
185491
566309
921961
855097
342659
457381
732647
136177
366343
323117
711847
853921
749201
113923
615733
194003
902899
533417
179539
984913
452299
946961
241729
685253
551857
286057
179233
866683
974587
648521
608903
277657
554999
864581
440417
917179
133687
373393
398753
689623
722219
102943
943933
431041
936203
907687
356621
843323
293803
354679
120451
301069
775531
868603
519307
109943
436061
291589
185947
190279
129859
632699
327973
790423
986467
645343
993989
474389
251387
878789
434983
698653
853451
237929
721061
220903
646169
552347
105227
690569
935609
731953
722671
227701
118711
681341
734071
112627
504163
520381
965927
319741
715709
703813
332921
284413
730889
733697
745949
301817
167189
478703
406267
924611
932191
759683
111281
915221
473027
319747
908701
840667
129859
664949
234503
806461
334351
671191
945221
891817
476197
282557
299941
352567
878197
584747
343691
311249
524399
498389
615247
144943
761599
164407
300631
696239
771613
342823
120989
959863
642239
464641
474049
673489
892523
220511
805853
117163
952879
231431
747403
574379
666989
565277
321487
305111
290459
840587
525401
361313
382511
185869
841783
518323
697637
377969
685637
315547
785027
972397
108163
943457
516283
415963
531847
342829
298217
906379
236699
289339
245849
583501
492917
446689
551279
394427
641191
852269
649309
729539
139003
559057
328091
253583
881833
128747
637097
555473
388207
175969
712067
209711
247711
886211
122371
765319
639251
278533
259093
163097
288697
697021
226063
334199
699829
369913
502289
521449
442201
729731
330793
202837
647693
499711
285493
928283
898727
232649
975871
374347
123223
767267
589493
769253
654859
204871
555451
268567
762743
569561
954937
417931
933659
756673
583613
372041
389531
983707
803941
285919
787783
614407
261497
953501
594101
721799
575311
742271
529601
996131
996677
317039
593669
957983
548263
558343
920947
845401
183803
373897
524653
404783
167491
548297
503051
256649
245851
852073
347219
385003
270059
333089
257023
351677
516349
674893
327739
652549
170171
732653
413393
211861
939817
818443
538883
629893
142297
465317
833029
532877
250591
975119
480071
298379
867341
333553
784901
577417
142357
514447
321031
827699
239149
542419
785219
336073
386347
877679
137173
259529
329069
221083
691777
414107
737749
391541
952117
898991
744563
279821
446939
117167
867269
643313
287491
172681
590857
393121
989509
238807
463577
641197
706733
403603
547091
846823
958823
204997
332489
201001
464573
420901
703417
633883
935611
108793
147773
407647
692333
542473
187097
259411
383993
531767
389437
284531
995977
211289
967019
934921
923491
914521
921071
102313
715471
589859
256493
380837
160837
843593
154897
872293
497467
570329
197429
101401
245179
246469
508283
872533
322261
928891
814381
823343
729163
805537
804847
354467
340001
286091
709873
833159
626579
331189
238601
846347
114097
184343
495743
944381
784027
324521
256169
137051
512921
466481
267443
646859
586249
557293
792703
454337
229807
582007
766627
241271
625013
239123
509023
193279
675079
634373
909403
787069
252053
648197
559933
201353
774317
542701
164387
851201
569671
821011
255613
859961
293711
991229
795523
265301
886849
956297
847597
632477
903977
938251
315137
696709
588311
925049
272801
411319
968077
378451
389773
376867
637517
332551
500309
931843
975799
135227
291199
986383
545477
234751
520439
795733
841373
203659
420551
125809
220777
133289
883723
983747
656051
117977
851461
646199
433057
754163
180277
559663
995707
965239
850519
372551
150403
650263
737999
666611
505823
443803
284003
590209
638359
574207
574051
862241
891911
850733
772409
959719
183769
545857
627547
633203
221567
687683
554419
599633
727187
146879
443629
828899
667039
223801
382283
375317
548713
434683
671729
949841
459707
793963
789463
693989
411329
965701
349331
843109
386177
158693
711733
117941
204859
754787
201799
917911
341351
671651
369743
401767
402611
983153
720917
522211
270329
397141
437741
754381
965357
825143
422423
394843
332653
815357
179623
686849
335663
586247
640789
654947
621773
711461
691727
809087
210103
203407
865141
757459
876797
884287
881267
963371
336317
548951
877399
506171
391613
316543
220337
551549
729227
192697
867127
686603
572911
932621
916141
632861
668491
638497
624667
307483
632297
980617
760549
817657
471137
308809
701597
703511
749711
916049
781957
322361
929239
631357
732271
524689
856403
830533
950177
921997
729467
173231
306923
734227
650749
531523
616577
634097
530819
161179
841979
474689
108137
577079
893707
688031
221273
817963
712879
250541
584299
624443
510317
451037
916381
870199
751151
602101
607897
144211
681523
579251
910183
338393
128579
606989
233479
769637
344627
372803
857389
115649
129413
429127
157907
317477
275837
282043
574753
278849
625693
362069
662197
234973
166381
179521
858181
648631
242719
180281
309679
353707
943657
870103
731441
188851
466433
417709
202631
112289
314483
398201
834353
591011
928363
675587
135563
215203
367459
231169
943939
651361
154207
442961
653027
379901
567137
397291
250489
583859
966703
779249
627163
927509
541931
817297
659329
853759
621287
569831
527281
264181
283981
824039
423361
774929
339709
694679
627943
286813
811411
725899
421739
501001
909107
834347
250499
554753
336607
187993
494321
204073
339077
734329
828889
974909
343243
615353
680087
156043
392807
673717
711863
376001
949849
364739
769541
636967
981299
906053
276371
867697
541523
326659
194981
464081
507377
503009
982609
701801
515089
745169
563137
692281
819949
808109
800327
628883
218219
122519
566339
607921
883321
694879
857441
205003
790457
537751
182587
145517
495023
424231
520577
389027
594649
676057
943241
436153
876317
618367
976319
365839
437911
948361
134093
683881
777683
882823
228833
599761
536723
535079
849571
467087
961351
350633
586003
877931
881701
505711
892879
237941
833033
332071
848707
975337
391691
478643
632923
439223
918403
463439
526537
914003
374837
951283
399757
290663
286451
464939
314639
151723
213089
174683
653411
831377
960049
585419
761129
353449
517199
906947
877973
821459
257513
892391
147893
957923
536171
868831
113963
894493
817889
308083
335411
600689
563197
829229
341753
691289
352357
957833
812113
229433
194239
887549
207217
777967
722657
956183
297973
658771
718969
935993
670597
870623
309817
103679
527339
683387
566579
653533
157883
406949
439529
361607
152297
756179
576671
248963
605939
137177
583469
789913
183581
720973
402919
895177
178543
423323
724133
330193
519719
991607
846199
283177
693893
461263
816947
877223
551549
763657
882409
249377
549361
180517
700771
870349
624593
849077
400601
589009
317591
529009
676687
482743
416683
282523
309121
466153
963157
453893
503897
292877
565351
364121
317029
784421
779689
611777
320081
224167
548957
849533
877871
944339
271343
548203
262397
510991
333419
781259
393383
406649
648419
556099
957899
514111
241741
996397
405109
364897
996599
726529
641183
828497
764059
563833
484333
547657
452779
751741
554041
616493
383317
399991
380461
493061
841517
427163
524621
481853
413411
307897
653287
277787
544363
155123
222539
407717
325249
744649
269137
933661
333757
969013
266771
683329
882103
864449
492077
158429
407129
832717
829309
465767
555623
227113
760651
691627
662131
473899
740891
942713
843953
530141
857531
579073
484079
599723
340037
306941
907159
724651
651563
766739
944501
683737
652723
995569
952121
365569
148963
356089
140417
250433
933179
336113
125663
518467
326029
441641
673417
541559
297697
446507
558437
537371
185747
398827
646343
336443
203107
820963
669757
147229
184459
827873
226907
144479
662303
145021
339511
427669
891257
220237
411641
356789
198319
208331
194909
614657
282479
751399
317231
771341
949601
222149
689063
490283
445267
856561
507263
925339
831181
476293
581219
306043
733891
653071
127901
866317
483757
156769
429451
635333
164069
295361
815417
623683
220067
300917
926327
290987
442891
851519
603863
308887
966149
227039
531127
620617
183287
333041
308909
428591
444293
528533
993893
220133
318757
495331
846101
212383
264959
937981
228143
843293
849391
345241
746791
774871
440569
299441
665333
887461
536491
532219
669251
640607
281017
737509
179821
560039
396593
697703
888541
248651
298619
732229
549977
865993
512723
130133
656821
509081
669647
423047
394417
747697
725401
948083
253487
908059
125591
876019
416779
689501
416897
355799
859867
536447
329207
781429
136291
938543
816101
929759
643117
498091
983509
182363
236833
215009
216509
813137
964567
451057
518543
919811
950767
703807
781129
637837
780193
515239
177251
613139
289921
957029
910933
507127
842813
909469
606503
950833
282539
859129
950903
259703
274427
372607
752147
886409
401521
925049
581521
663823
808589
824017
132803
673423
827921
648043
252713
461653
410257
409981
333353
396577
141433
833759
671821
302977
251897
728261
576127
910727
564007
180601
147157
109561
348557
952129
561167
698521
429089
465907
377491
130057
829753
688757
789443
812869
947731
506893
973339
914443
705947
333001
863291
941999
814739
328991
956191
504359
160999
712601
548467
922861
759827
491513
459103
670673
471007
415811
870071
881227
500333
453241
480607
321901
368857
537391
108929
604459
798617
776341
571001
212671
174751
789107
155531
369389
643721
569257
266323
915739
469177
776431
524089
878833
681967
178291
432737
410633
953359
998063
415963
260593
535879
831163
839477
128587
610541
224869
194669
457823
818683
588761
525557
274843
573967
653189
187249
859169
846061
628981
785623
553213
234007
454369
245129
663359
371471
511859
691703
761237
546043
604291
635147
422279
246397
840251
300353
840157
665143
566561
741637
216707
283351
437383
433939
683383
547529
551249
489253
391477
656849
306437
294683
677281
729877
755903
652543
124807
533507
160931
307201
617119
536713
961001
273487
873361
349129
195131
889753
293651
334753
538523
321439
609331
653069
518543
889631
426919
854033
735587
451747
988283
207721
337949
517987
241943
495899
382507
775267
496759
560753
401087
680513
490891
698899
812137
428227
521189
392087
577891
300617
148391
360481
931507
967973
398357
269251
804833
306323
843281
386593
367313
577909
351331
745151
261901
861383
842491
289399
607619
597091
297103
832667
350983
840097
781919
816013
306259
736321
842119
810601
635597
590273
162653
650507
774343
188183
588401
599633
464363
501983
975629
409681
164497
854639
386273
312721
590147
366881
319819
791257
466103
181471
531637
659027
903479
121013
401629
451973
441601
871207
793903
282143
509843
523051
131503
512201
523717
923929
625439
738679
212963
150289
248971
634453
862661
159827
100493
966719
853891
778711
736021
669757
132017
413227
736973
869717
393539
437741
942073
349751
699133
304651
765467
722573
339107
608753
474827
137573
344093
543301
309233
346723
598279
491051
581983
963923
879397
765341
930827
492529
305273
710443
878113
692003
664933
883369
829489
403607
482437
830617
195359
833269
933521
170057
491629
576577
543143
165997
536161
795761
624403
603557
926269
597389
514273
167449
198259
230947
165401
162563
570719
422539
906599
349681
537877
371741
662101
207983
343207
131339
515147
268763
268333
422461
120017
473719
633559
317269
609241
308339
123611
508037
851167
710093
652153
631609
424393
609523
646187
854293
679271
753533
818863
661531
941629
627859
892081
239371
209341
735113
399937
855479
112271
362699
709231
466847
186799
892219
955739
394211
907261
231199
996727
964571
760273
515119
157349
931921
541847
344359
740843
988961
321119
675937
880633
316543
963937
189233
640559
691613
478237
984799
375023
370189
693961
112489
277747
239401
536881
443483
190637
392281
113543
386891
147131
558493
424811
934117
685309
282623
272299
508897
274583
625223
360347
664201
109747
408203
559189
344747
480847
576721
382301
794947
496369
828011
882193
582749
170521
769231
401183
597031
433831
624091
111961
331979
892741
500809
194713
521267
116521
298931
997729
343471
648527
115463
929843
258677
743047
395047
988747
464087
473647
815959
930919
120433
351821
258479
869639
334697
624389
452149
502291
357991
198757
742829
221297
714767
779537
737299
965477
985457
638287
593693
417847
714463
348869
724153
402389
761419
748493
134597
464003
816581
296003
967177
410747
901057
898099
903481
483047
111913
818603
392543
515989
376189
803833
190013
843763
616043
685771
555379
305483
547223
454901
917687
400159
298201
280307
496379
769037
343681
125369
290333
649133
907589
747839
146731
556697
254291
750067
932263
960601
273613
651731
414311
689081
929407
599723
957329
161701
574081
232901
526019
408799
490111
618097
324971
408997
330229
440113
395807
401743
446981
691037
699581
366511
329893
438251
987967
545483
615967
405523
747469
663227
135133
973907
948611
750773
706159
951607
229301
366271
126797
441209
519359
622891
269273
285323
460193
712577
311593
888031
177691
636199
323287
584903
961687
328543
747583
202037
129721
207961
723409
625097
440567
437057
748733
750931
183763
167059
625349
869807
354563
623821
400147
613517
319313
430973
543377
229331
371459
129133
685817
814453
883451
894079
189851
941011
219917
749863
418441
872149
810343
823189
296369
397471
333493
779237
263899
466223
638833
927881
204979
817577
451901
151817
984253
193241
375631
700327
546419
264073
586493
452113
233473
940439
816979
985727
676429
204971
249049
839089
512297
842347
933319
972679
418909
581419
525673
913351
287233
955399
340463
155549
818399
196661
314173
787237
827749
716557
836597
410911
924097
615413
330629
892609
833579
311359
479761
686093
329237
194027
180367
351257
953371
731737
331957
235787
208451
480251
826627
303271
502261
467483
143099
464411
839551
709823
962399
908221
817213
715097
810029
579503
621077
126857
687473
992669
604721
776351
790669
483433
761093
808319
186077
754261
391331
415589
836999
863071
903029
405721
867659
159727
407609
415027
285139
520997
858607
615623
414487
937619
908857
348539
945373
674657
158927
333943
538717
340007
335707
380441
277283
367121
568469
611393
166213
419647
616829
534503
948461
833759
196921
178711
384961
306367
236771
956251
525871
325069
731743
240781
986509
825569
769417
490619
697097
911993
273683
474827
324523
472361
239423
283397
778909
113633
506407
804191
678619
638551
709693
536747
872773
691729
779039
849487
583313
768823
610903
462757
977737
546317
716273
693137
736387
938309
636739
727813
753637
259601
542333
103511
597817
991457
726983
502147
313111
382181
362491
729793
388447
802811
933731
693979
999029
689477
975353
545747
206461
332669
342347
857911
640249
812251
383167
894947
120269
237227
421349
247117
185473
355219
969559
407119
143123
128087
764489
375313
123941
944863
734527
952537
880531
682999
464503
655597
948247
561481
354661
958471
212771
658621
775367
928633
768679
106927
815431
479167
189157
606061
459797
499687
943819
874871
400361
697981
773957
750223
857429
259199
457151
154229
488689
922541
796739
151951
468289
744409
542617
846407
117559
112339
466649
428131
697433
192011
631081
923771
890587
479909
470627
982147
389239
818603
527417
519989
191137
682469
361981
349373
979879
340201
984511
504059
663899
496183
812251
151783
604187
476557
761461
431719
899777
423271
445199
806671
847681
623059
972373
975281
716473
840107
229771
766447
986047
360803
699343
969989
905609
723511
302677
731119
173587
515657
906643
229871
751853
256969
409103
403183
676097
780299
535799
838283
246691
857039
289013
415379
985379
928343
845099
881759
920917
747869
324661
993757
830897
779003
595507
269581
414467
457969
100601
649099
690799
778081
318377
962431
972421
696791
874381
868999
681241
285169
373049
213347
817381
108433
319231
822427
452209
100837
460777
354601
596807
406733
917899
580339
136103
298631
207281
601933
701539
519061
474167
728299
793157
334381
172943
713899
199499
781231
981227
171931
693443
627241
662101
689447
517063
343453
869509
266579
385153
210433
777601
420323
468581
377173
146837
963269
658799
778693
414487
224957
284659
291281
734653
540709
127363
861401
427649
463121
218587
630013
994127
287011
688837
219437
870103
760897
252107
401089
320147
646231
188011
807151
662479
119701
647561
618427
815951
412219
928079
964477
293197
327967
892711
307439
826849
406339
639193
399809
342287
497839
189893
516701
702301
191399
152543
801013
417607
285317
413191
892417
784823
352349
795577
566689
799093
324991
976687
681139
893537
544057
112919
384743
767201
383681
685007
960271
717467
989057
916661
140963
820867
283147
750979
685147
432599
961439
601333
464033
239137
871069
422147
716641
844303
809987
410129
783989
920141
247763
730853
730967
522707
400321
208463
737977
543523
845629
688217
991141
210853
568177
291647
414859
869107
575663
451679
387337
812243
161321
274027
534301
572561
377323
677407
355751
302671
210073
756703
810527
632981
767651
920981
133493
224347
903439
645101
847891
493301
242407
567773
920707
293857
680201
655777
841709
812663
202021
456067
636431
301517
573863
158479
168857
790873
858097
250037
422371
861121
862507
506921
142783
674053
585457
968161
527111
266057
559409
633509
776303
785077
533227
120731
105649
608483
316079
936499
488923
343309
915989
688241
560947
102929
523139
230329
410861
473219
734711
564721
363851
647951
107759
760063
876311
770179
768881
855083
235859
391801
807467
281053
861559
281039
565933
321361
219293
231517
600049
384043
595607
439601
598553
358937
613183
349273
186469
305489
475031
885937
214631
706519
911861
991631
309713
417493
998671
162667
435367
161627
906151
914867
577049
953549
881017
783367
573091
512291
150481
165421
266207
420787
259327
644797
723697
182363
360491
343921
285689
498433
689441
952171
910967
483299
200483
975319
576227
519563
469579
598079
456301
808753
365893
427277
236273
527449
513743
762337
889379
743507
732929
679799
740371
669077
319351
657179
585527
501379
632957
734047
734497
365177
600233
718453
123821
918593
112351
590981
319057
629857
666991
897983
269881
424723
981047
746323
844757
635851
324277
271067
391661
494383
213659
884383
949441
468527
942443
387953
403687
776911
123161
548119
996617
447221
880811
840293
783121
639143
235243
144187
380167
464903
621461
388799
838379
243337
632123
155621
471929
836083
957191
375457
966611
547411
987113
163753
327709
612467
139939
737249
861569
927253
485311
651907
383323
755381
848593
157891
413771
268357
379277
590747
743203
695431
642707
277961
962921
900251
761363
448099
246559
874079
921119
700421
404629
714517
373477
969401
730381
368881
273809
417119
506543
151369
522943
622529
163993
570127
738259
204503
199259
158813
270169
412903
541973
378197
101987
600913
234007
609109
881983
698641
314953
428167
818543
597829
967709
719543
528907
868531
219011
491839
967787
807341
642139
287023
666769
741527
167353
292823
206263
339397
496169
316091
255359
387691
951511
136273
144763
273001
367051
721379
489943
139081
188731
317297
323779
284177
447319
864839
151099
934489
390863
498343
151799
940601
311683
391007
818381
804983
410077
608389
794347
700951
483523
424321
986551
860521
365759
302873
693839
914971
564421
977911
221359
173851
840263
602237
981797
809471
350003
501691
740947
899447
578023
667771
105299
537347
271153
314827
973673
890207
680573
998201
113027
612389
164039
803581
413017
593507
416617
467473
653353
104927
885917
670189
996743
721517
333821
814883
304291
612317
681361
195667
961283
658711
473033
748591
972371
102917
592813
408293
529733
632549
913679
757819
737921
580753
361337
425993
544037
519677
296893
181931
485323
723229
520453
189983
502409
671891
646991
198353
582947
881483
661109
879283
496571
790841
674549
308797
139291
569299
894143
676349
208241
892511
860273
893737
881213
610039
421597
449917
925037
507317
519073
887833
464509
901637
544003
566257
427601
475733
774353
202757
990949
252547
220397
927007
628123
434543
938353
786959
239731
833053
914411
583619
175229
533597
786671
479263
895523
306331
964049
320987
248767
320087
840593
915239
905321
319513
765007
781117
564353
453493
862213
974683
880169
591257
645521
205477
783031
717799
407639
158443
885841
173891
380213
510253
774839
842467
838591
104009
958127
296687
331711
650303
241219
676979
532409
344761
866449
962593
815351
851579
196547
360547
762323
304337
175397
942847
118933
324857
682609
780011
406103
981373
249217
469267
310349
492313
169441
292043
350773
487061
330727
383767
580613
671297
172877
699089
534911
247679
759869
688367
904027
628253
428189
675401
401959
706903
178831
421973
556937
689131
323557
501091
717547
950959
658823
696403
484801
116287
100567
793951
289001
307441
228961
247019
226799
128609
870311
167641
242657
694843
230963
522119
948701
338411
570149
888523
520927
503521
150823
760271
388673
781891
269387
315947
974273
832261
917339
779581
982259
781399
132253
435821
486047
897587
346649
296707
795209
638287
510871
467959
174487
873857
915781
913421
897599
812527
314831
862609
511391
853409
392869
308801
914549
402163
255667
539977
696041
168743
692621
592591
107083
232789
974797
788771
776581
784997
715007
698431
129373
802393
634181
598651
367529
119257
720919
966229
264163
932627
169943
423343
794257
264809
194669
456143
858269
207523
611951
234461
472891
539333
327847
344683
302747
282377
426703
546269
114407
554303
827419
467381
979493
231383
700039
528077
960079
442411
878219
268547
612391
918767
802441
233063
868901
252691
413699
906407
834727
974921
802927
496397
801523
279611
145309
479417
134917
295733
121637
964309
922277
387119
643051
399157
149777
969821
833071
509293
561803
266999
859903
753953
795631
140443
710719
695341
713833
993709
512111
366019
469031
702469
614599
531707
567673
367403
738671
685819
389869
753191
640387
808687
165773
703657
823357
930623
165721
613693
326869
583507
807347
157721
673283
764387
700883
128293
777713
638153
990767
531119
619691
332111
279457
608807
809281
921577
870011
983681
482143
371429
123407
889979
103661
265661
236431
193943
605279
561859
493261
102727
341659
288203
689651
457621
820243
830699
945271
684361
482639
846953
976853
742033
938477
344429
225949
458413
942007
634091
131407
118529
885151
930361
578353
858227
562253
727231
125273
664661
424817
794477
510757
495881
525809
645623
249667
527909
625267
624359
587087
788087
983539
771979
566443
168127
390653
827867
389951
888023
253579
637841
670147
931423
643571
157783
389699
956521
495673
948433
734609
156397
529279
576091
860717
280771
820703
435983
398579
584651
998467
767467
676079
585583
967739
200189
220169
445363
182009
539053
827987
822947
106919
943429
463031
122833
635599
990127
208813
248207
696557
322193
906881
130609
103727
346351
824651
710977
242941
167873
930043
355871
707909
440941
452363
385729
956813
316021
303281
845867
229027
910603
898577
207043
975823
255169
395509
237931
853067
732973
196127
428921
758831
887729
155501
629483
714023
505751
164747
659873
562279
269501
798953
702559
744557
472033
492763
868433
992273
759637
935761
954319
575153
679033
659063
457517
748469
815393
534257
782323
160361
546991
796433
106693
129151
662369
702559
149449
980699
941251
464413
299941
575803
779491
992009
813149
697021
577321
734047
266887
163441
967189
994823
239777
630473
347513
229553
664303
927929
724489
337177
718331
745553
524617
930611
775181
422657
749969
566749
601939
806087
557021
116969
621211
115669
161653
110309
370421
839897
113801
283039
256213
303577
478409
859039
904159
919787
276959
835613
798173
373181
950003
562999
698953
135769
407011
237007
341983
548543
956783
971669
878947
281273
464309
896251
770131
954419
896113
264949
635029
712597
290333
742277
693257
480961
918749
184109
675827
392789
536419
676981
703111
538379
365683
752387
497687
798121
246829
127723
566549
374789
151057
396209
781093
589963
483551
823919
504971
169201
206113
194573
659153
672751
805193
671809
480607
659021
451091
154279
549089
722759
426901
167177
978079
834791
868939
809681
118631
859571
973411
701761
736607
508553
309559
562183
538157
828127
669367
556159
634511
621781
623501
903407
564047
565237
222937
963407
644933
367873
169973
876103
865681
517007
308879
502109
116651
219379
614657
746503
142771
817279
112999
954847
690539
729131
630949
193489
914891
151301
577819
923149
740827
738313
143537
561557
223021
244891
382093
464549
591631
960437
436123
850847
847267
718103
907229
660739
453097
620309
380797
996337
936617
587737
516881
458249
976841
640669
884659
856133
361199
255209
107239
112583
116437
731261
175457
396877
653389
462601
911971
572053
750983
138823
234841
668921
656179
996281
795019
124081
302723
330293
175313
155711
762911
145483
319607
395119
985279
628199
296959
635003
233269
548591
858979
514909
664651
188887
861437
960143
895187
552719
934739
557531
292447
746917
731089
596249
817657
154499
744187
490103
673963
357923
696281
600479
523693
316619
734053
491249
535441
689669
117899
611939
399731
317237
873209
219881
452309
893251
524729
309613
379381
187657
202303
279397
619609
437501
261227
706523
348667
884519
158521
577427
276179
834623
443071
512443
203183
530923
916879
327319
524987
174049
827089
926497
620719
602783
646061
965137
833761
675589
393847
645167
809947
160877
605971
101347
700319
514069
425051
771713
729229
806273
255599
289697
829753
982097
431731
322547
661207
818653
449231
662437
218209
853183
798373
575957
491149
271661
289493
157237
776803
933347
736693
159347
540791
545719
727319
220837
123463
639773
444181
349879
176023
942341
602183
361051
564307
387577
524383
135067
653291
914267
431477
447043
831781
559753
207943
736493
232853
836551
826807
652051
565213
885373
354079
537583
807997
739469
144689
776767
429031
609113
618539
963031
827207
108767
817673
329083
231961
764653
491437
531539
600749
412459
706529
661303
232579
579413
337147
780737
442207
187021
294313
653671
331351
739373
670601
598883
505199
533143
145069
819607
583843
668771
149753
614099
942443
102359
993191
875023
408811
187087
433229
919621
489247
337471
263321
596821
757231
135901
554989
484367
410363
782251
744409
206921
811387
435203
215851
773449
134929
268237
429677
907027
578009
691963
558379
503303
535699
537347
538243
360151
438937
533453
181183
578083
435697
201413
331033
627013
909613
110113
916877
339841
433987
892163
985111
596989
836069
152221
793537
312953
847417
583367
211993
224333
882989
100957
180221
159067
962057
380687
756437
202841
199739
209521
980551
974191
624517
707477
922549
863741
871187
137863
330503
876481
567391
411797
560303
101027
384539
997061
405527
995959
993269
924293
143179
552961
460249
137497
640567
120919
210533
420313
853247
567043
243113
576691
894893
251263
603611
213601
708487
237059
443747
558701
835771
621569
292151
669257
587039
879577
759977
496877
384563
440683
225179
862693
537647
161513
864377
801371
593611
270539
960229
788357
517579
702607
229807
878201
457043
231041
781237
980641
996551
654313
121801
114893
574501
852361
659689
950557
856379
258061
884419
462941
313357
225727
206911
293233
142717
888409
739219
435403
528631
782863
401581
774271
600077
827951
674581
266339
712039
769009
125747
642983
705529
143681
103073
562301
901657
715381
410509
145517
626363
153887
714017
620759
750181
797221
457859
274129
949967
791717
835291
956327
994037
721937
183797
282703
235187
966019
134131
670217
105863
847177
248561
268217
307987
877007
894769
885139
523469
266351
229417
755431
439597
398513
291317
398849
343969
203629
112787
352511
924163
659317
988607
936127
797627
203447
757961
962699
189949
493849
828181
595829
857089
289183
191789
408101
655939
978979
637403
488843
920149
295093
463189
696581
308467
767447
262637
612581
642407
829387
822541
290473
816253
338147
119867
908293
561143
925711
490277
945797
870181
127291
346699
658057
631571
718147
452807
256549
184609
335581
868489
819641
616621
685379
567701
714541
969253
187217
879463
829561
753587
675433
274429
334517
986957
436013
944561
867779
825653
311873
104983
739553
101729
516517
109961
305147
552779
400861
577859
661231
413237
520907
988811
473603
990119
884221
694777
282467
684727
912209
259237
453857
958141
764803
123331
469379
421163
754067
782867
484079
507137
543449
772823
381209
781987
234649
275507
809099
780499
627827
476209
898489
286577
498149
637313
742459
720449
482269
364009
878371
375041
722507
140713
460447
437831
476629
618487
443503
957949
294043
101219
617219
197731
827179
237179
299801
664667
261061
321737
549509
728027
197119
373159
392549
303593
860303
348673
359791
180659
975301
777521
289621
646753
683161
907393
826241
695599
700997
909521
946213
314729
608057
490237
597221
195521
192347
916897
793001
292433
367993
415687
313709
813059
951241
418393
599897
744817
112729
320849
564791
926029
428761
662021
954697
343481
537041
329779
103073
683923
398291
140719
934799
826909
481331
617903
828431
993317
570851
474343
913961
236017
457063
761231
880903
485749
285517
415111
265523
702599
857039
115723
219689
589457
885599
134203
117781
574619
535579
289283
214759
204137
920501
941131
150281
238951
359693
553229
600167
334687
230189
499727
913337
272911
991219
606607
386797
798671
375203
922337
339259
401923
131297
848599
226301
399463
966733
869699
324971
624779
536357
184423
637111
626543
767251
974531
855991
761059
257287
735319
615841
890011
739471
213659
410153
973247
216613
425389
409229
709829
766271
300263
876451
838463
294583
806219
389929
153257
465077
100201
341561
893653
569867
384023
203323
503879
976817
232619
574177
156917
975031
495721
481903
230417
266783
787891
843733
231209
205979
507791
687439
930197
611969
211109
925427
384497
745991
595709
652997
455759
798431
674629
561373
563897
382121
164431
915539
410971
990431
265939
433259
291419
570173
357053
577589
183929
554779
608311
486259
421411
686089
788279
888893
298387
651509
970909
187093
390391
577817
833069
720061
357781
382369
777193
491969
742517
724163
567467
650999
234223
218377
298693
251627
325247
410531
367711
113191
189059
408971
272207
832327
297811
518657
415277
752267
851831
178187
953861
152707
122053
389593
176119
200383
649151
804331
266743
887353
702047
904811
833839
366803
617089
708761
286019
943751
405431
695893
420863
498739
200447
397489
285631
236849
526829
664961
147209
786169
330209
352783
440933
375181
656147
583001
863773
598067
642673
917017
890329
786131
938179
663577
905887
466097
690337
458287
266017
307427
909613
705631
691739
729997
490453
959719
915899
152437
498341
507569
874787
862277
950617
727729
545161
662701
420677
106447
686107
439709
739993
318811
444587
467639
402557
253831
469003
932999
338771
424069
748319
940109
399113
650227
788311
676021
362449
523813
665837
443857
221801
321001
562049
424877
842461
799927
650197
997123
664927
907883
819233
647147
896983
357083
514417
818239
513757
715087
845471
984611
511393
224527
358999
934163
255593
420137
552589
638033
535457
960139
199523
330809
297709
282007
667769
378143
741821
292037
703459
847439
502183
195563
752261
342269
107951
830903
744733
522541
770513
269741
474679
622913
911903
733549
461681
477563
266923
385757
587003
348599
697807
679643
469799
866059
982843
215801
879427
359851
956201
560303
371767
452383
811961
637603
659777
158449
887059
308899
869551
282637
934019
928019
985249
523139
147517
650599
852503
912733
515959
863869
700013
271973
250687
318119
291479
619921
615829
406789
238639
802447
655549
431867
182737
914777
853943
204499
408073
323837
555193
893551
872903
753307
104633
260839
263101
205453
464903
542249
531983
397069
676877
126647
623807
625637
307687
760891
973309
986597
258989
193169
192811
762451
838687
320129
765791
990673
872213
332699
201911
218131
906041
160441
549083
322849
121409
946397
998131
359851
933179
418421
319393
492059
387173
209173
993407
910291
618347
953429
819083
780239
790949
839161
488099
534011
547201
335257
768013
827479
979549
269653
419813
874999
418427
618637
149339
942103
473539
405331
818687
805439
111397
235603
778943
459089
141119
371467
214469
423491
923749
739903
511513
563513
575147
521981
241571
647033
406873
744691
134261
969679
477811
471469
282503
528581
606173
302219
296299
667453
995297
828379
663871
799661
517453
391477
379657
944723
881933
625601
553321
253507
390161
619387
391943
449909
343741
682999
837841
804779
289111
763753
529789
657061
886019
661621
609571
409861
409301
739103
955931
871681
464501
429157
279527
188317
521303
347069
629533
874081
792109
286637
149531
979787
339431
652153
411373
882493
250067
292561
673513
235021
267541
964693
598553
723817
482051
635921
287243
745259
259333
157267
880679
860563
926861
544571
153661
700727
140323
953083
485743
535147
468397
302977
998033
826223
327581
590927
588421
314453
563333
879049
718073
132899
455461
720337
578659
938723
362837
680723
299371
664579
534269
840359
114257
810617
833237
642619
230773
810419
539887
218539
536761
601253
717071
113363
820483
317951
126383
508987
993673
573289
514447
865841
909817
113363
941219
259321
183287
417673
373193
914281
411577
649661
885191
806543
107507
285127
837881
174529
409571
344311
364957
191071
240487
431549
593011
208181
643661
110141
342449
727079
145423
232871
195511
203867
752467
165521
841207
557173
139781
111047
742331
821909
203561
357193
865111
868709
777377
806341
156311
523949
133429
168017
487871
752053
465683
689821
289747
937361
593321
515731
410101
307967
916609
886691
116537
765647
353471
160199
940369
892517
368411
886787
965221
551189
382231
396769
190003
717667
509011
995161
604973
672653
951397
106259
447679
620051
789043
395329
860387
350089
500861
932579
627527
943597
702943
211087
501887
429691
785227
659347
158089
935671
981437
283807
872843
362051
642457
370519
591631
602803
507757
600437
858413
516521
295349
145093
963643
669091
116297
797239
910289
971021
733231
820007
284023
350113
470753
323647
471031
177997
827879
114221
404357
931327
769373
665237
470753
687497
737473
855497
845743
934379
492271
484009
740863
718511
115519
361177
860273
186727
761911
178103
192083
638839
679729
392621
408907
168313
450103
473941
909637
846617
451093
243583
979313
244403
918023
184439
977563
957917
707167
676607
246977
522653
865327
556741
387437
565847
919883
107603
245663
393731
304253
667673
883979
695911
307813
286159
878501
667511
175321
277399
610949
329533
496163
620783
196261
957223
175099
737789
429269
306857
485053
333407
477053
822529
591301
358003
323231
559007
248027
963527
692273
587249
745429
590563
465209
928573
689917
762737
857051
725527
568529
387839
303833
195481
544457
474931
503183
323579
145759
621671
431351
403069
731167
181073
980089
771959
186071
541307
328583
421171
625909
966263
568979
937373
362431
478697
194689
675779
821953
471067
684629
518627
955477
467083
708299
133451
665071
507907
597397
810493
274763
645121
109703
724289
806753
810149
724181
423989
520609
182911
645391
779437
779101
831119
777251
212183
942331
145391
272479
628069
340423
557369
964319
723307
230119
527273
287359
899903
565763
525451
204901
407311
255523
571427
463171
756319
545563
526753
497101
446849
695243
988511
826099
294223
875617
571583
575413
986191
363217
289417
716693
646483
278087
576991
970453
387937
351263
167437
285583
713971
446809
985171
907769
728881
282937
552973
256337
101201
951257
927419
267101
445619
934511
963337
206719
486379
241453
405067
846421
992357
603367
671441
276341
860591
269431
181187
940561
545281
116549
661243
996043
500653
293507
123587
556237
644309
735547
718231
797761
650507
462173
658513
624287
296899
871823
311173
655051
327133
306109
524813
870617
937997
171211
516503
442513
545857
311039
477143
637369
231527
468079
355939
497789
753419
484343
253133
155219
686227
608987
488471
473803
816103
475439
985627
748373
982673
349429
391793
391949
546403
772339
111353
863437
265129
403811
657071
623911
886583
209263
305239
803329
682277
734191
461543
436679
926479
428767
574607
697957
817531
775003
969959
948547
808691
928547
105437
497233
579421
501643
813103
649843
550229
305131
700573
987589
543757
470417
596143
802069
296209
305077
203797
737773
638417
659647
528419
898139
218059
118171
648757
632549
283153
141811
148679
161977
383753
455621
674431
742309
479371
978667
579581
197483
688027
413657
333799
903857
998647
348959
241333
138053
580331
230969
362809
275131
493501
248071
746821
862259
424489
784391
235261
112921
276551
721081
358273
388471
173459
262373
971479
824197
952769
625879
878219
938239
576239
754253
110483
337823
309457
550153
637043
678161
958843
101933
544367
336661
276013
397573
489217
545353
438881
106027
606887
799163
617129
316573
531469
692119
156371
754847
417671
916777
853043
513307
313451
216337
100763
478589
498109
877183
267181
318677
203177
579119
950521
308527
962893
140207
957613
907229
776513
128033
209737
610079
915547
342133
971261
257911
451187
107393
691591
198983
755443
967079
216439
623249
781979
303209
363683
433439
132703
990673
578189
456349
822751
806521
719779
858569
173521
693193
774139
957239
877157
821903
729823
568039
626371
149519
436039
492143
174397
647837
913289
646829
842003
803107
310249
656911
244831
798913
246959
168823
627821
927331
867421
612697
459673
648841
441587
730267
680963
736109
798271
352153
311953
679793
977507
229643
416851
888113
895519
317179
578219
458443
133619
867113
654287
809947
768199
960413
405817
428959
908413
287261
979691
112573
466243
979019
635023
363823
240131
943993
120829
991307
653017
632659
214183
653959
232129
308201
141907
163409
851729
533963
918191
730759
485963
237457
203771
417491
442187
987227
539531
551987
323851
891853
692861
931499
516281
839021
195337
495121
426991
784717
196471
441457
977801
294607
287107
606857
145927
397261
911539
723049
546761
231677
909773
497249
336397
550201
383477
514487
307879
867773
323357
265241
694787
409393
235793
522863
319937
422033
599999
828637
436217
766109
269267
126323
869759
418421
839033
411113
705167
103043
239219
702853
629837
180133
349009
880423
756559
753139
620159
118919
458399
180517
647501
186539
667619
167837
283867
679771
468943
721493
127501
934811
645539
811907
277367
601957
563237
277103
783821
464351
273589
651313
149293
402307
840787
367127
368993
343309
434381
917591
764359
807091
901199
826751
911861
508609
691627
904483
391927
211249
342427
819127
937649
942091
536591
752987
710719
847811
376709
240061
569089
660661
167453
431569
420239
628279
650359
557773
720613
796237
139291
268217
471109
297851
787603
246797
601637
615779
540173
358529
950143
859991
738469
364499
437797
744143
590519
741113
328043
929029
952981
871531
666367
659459
374039
406067
998687
609103
376921
876313
234013
459173
842453
874073
181687
257069
437501
454519
601123
397633
123721
673007
624199
150511
658271
431297
470377
168197
599609
886009
369053
231869
508049
229667
787049
295469
662419
819751
123079
795589
303433
617647
416257
374611
595957
473033
929921
557387
642401
389869
844199
186167
214877
239051
215059
255013
907393
985753
389087
890503
217699
112657
227729
941449
203699
952639
380627
816503
750733
427507
895763
754511
150863
239549
394361
146617
195809
539087
254687
419459
922969
487633
210911
245471
960929
719843
241663
341353
264331
819263
955753
149509
187301
923593
293107
444911
806503
231593
106811
102029
638923
434783
355457
645479
289859
515369
991007
869423
970063
510563
756137
954209
893183
286733
309283
541999
729661
120661
669293
692161
771329
163187
787061
509807
717317
463331
125201
442321
818809
829589
288353
152353
174533
282133
572843
568429
755347
421661
835943
731819
492673
421577
332461
597179
505979
195353
978647
696623
993311
143231
545101
449411
375671
119107
204853
700283
252643
804817
818431
369857
784453
985631
726647
392509
829537
694321
450731
494591
485627
579823
291793
166451
214217
826663
984497
435599
197027
177283
613943
216551
164711
661543
847789
902119
571093
420451
859303
111119
192679
172657
260999
465121
403871
756011
754777
256687
409511
540457
727799
